/* -*- Mode: Javascript; tab-width: 4; indent-tabs-mode: nil; c-basic-offset: 4 -*- */
{
    "chatty": true
    ,
    "io": {
        "footpedals": "io/sawRobotIO1394-MTMR-foot-pedals.xml"
        // , "firewire-protocol": "broadcast-read-write"
    }
    ,
    "operator-present":
    {
       // "hid": "hid/goovis-hd.json"
    }
    ,
    "arms":
    [
        {
            "name": "PSM1",
            "type": "PSM",
            "serial": "28007",
            "base_frame": {
                "reference_frame": "ECM",
                "transform": [[  1.0,  0.0,          0.0,         -0.20],
                              [  0.0, -0.866025404,  0.5,          0.0 ],
                              [  0.0, -0.5,         -0.866025404,  0.0 ],
                              [  0.0,  0.0,          0.0,          1.0 ]]
            }
        }
        ,
        {
            "name": "PSM2",
            "type": "PSM",
            "serial": "27374",
            "base_frame": {
                "reference_frame": "ECM",
                "transform": [[  1.0,  0.0,          0.0,          0.20],
                              [  0.0, -0.866025404,  0.5,          0.0 ],
                              [  0.0, -0.5,         -0.866025404,  0.0 ],
                              [  0.0,  0.0,          0.0,          1.0 ]]
            }
        }
        ,
        {
            "name": "MTMR",
            "type": "MTM",
            "serial": "28247",
            "base_frame": {
                "reference_frame": "HRSV",
                "transform": [[ -1.0,  0.0,          0.0,         -0.180],
                              [  0.0,  0.866025404,  0.5,          0.400],
                              [  0.0,  0.5,         -0.866025404,  0.475],
                              [  0.0,  0.0,          0.0,          1.0]]
            }
        }
        ,
        {
            "name": "MTML",
            "type": "MTM",
            "serial": "22723",
            "base_frame": {
                "reference_frame": "HRSV",
                "transform": [[ -1.0,  0.0,          0.0,          0.180],
                              [  0.0,  0.866025404,  0.5,          0.400],
                              [  0.0,  0.5,         -0.866025404,  0.475],
                              [  0.0,  0.0,          0.0,          1.0]]
            }
        }
    ]
    ,
    "teleop_PSMs":
    [
        {
            "MTM": "MTMR",
            "PSM": "PSM1",
            "configure-parameter": {
                "scale": 0.4
            }
        }
        ,
        {
            "MTM": "MTML",
            "PSM": "PSM2",
            "configure-parameter": {
                "scale": 0.4
            }
        }
    ]
}
