/* -*- Mode: Javascript; tab-width: 4; indent-tabs-mode: nil; c-basic-offset: 4 -*- */
{
    // see https://dvrk.readthedocs.io
    "$id": "dvrk-system.schema.json",
    "$version": "1",
    "IOs":
    [
        {
            "name": "IO1",
            "port": "fw",
            "protocol": "broadcast-query-read-write"
        }
    ]
    ,
    "arms":
    [
        {
            "name": "PSM1",
            "type": "PSM",
            "IO": "IO1",
            "serial": "28007",
            "base_frame": {
                "reference_frame": "ECM",
                "transform": [[  1.0,  0.0,          0.0,         -0.20],
                              [  0.0, -0.866025404,  0.5,          0.0 ],
                              [  0.0, -0.5,         -0.866025404,  0.0 ],
                              [  0.0,  0.0,          0.0,          1.0 ]]
            }
        }
        ,
        {
            "name": "PSM2",
            "type": "PSM",
            "IO": "IO1",
            "serial": "27374",
            "base_frame": {
                "reference_frame": "ECM",
                "transform": [[  1.0,  0.0,          0.0,          0.20],
                              [  0.0, -0.866025404,  0.5,          0.0 ],
                              [  0.0, -0.5,         -0.866025404,  0.0 ],
                              [  0.0,  0.0,          0.0,          1.0 ]]
            }
        }
        ,
        {
            "name": "MTML",
            "type": "MTM",
            "IO": "IO1",
            "serial": "22723",
            "base_frame": {
                "reference_frame": "HRSV",
                "transform": [[ -1.0,  0.0,          0.0,          0.180],
                              [  0.0,  0.866025404,  0.5,          0.400],
                              [  0.0,  0.5,         -0.866025404,  0.475],
                              [  0.0,  0.0,          0.0,          1.0]]
            }
        }
        ,
        {
            "name": "MTMR",
            "type": "MTM",
            "serial": "28247",
            "IO": "IO1",
            "base_frame": {
                "reference_frame": "HRSV",
                "transform": [[ -1.0,  0.0,          0.0,         -0.180],
                              [  0.0,  0.866025404,  0.5,          0.400],
                              [  0.0,  0.5,         -0.866025404,  0.475],
                              [  0.0,  0.0,          0.0,          1.0]]
            }
        }

    ]
}
